6 8
0 3
0 4
0 5
1 3
1 4
1 5
2 3
2 4


5 10
0 1
0 2
0 3
0 4
1 2
1 3
1 4
2 3
2 4
3 4

11 15
1 2
1 9
1 10
2 6
2 10
3 4
3 5
3 7
3 8
4 6
4 7
4 10
5 8
8 9
8 10

16 24
1 9
1 10
1 13
1 14
2 7
2 8
3 4
3 11
3 13
4 12
5 6
5 12
6 8
6 15
7 8
7 9
7 14
8 15
10 13
11 12
11 13
11 14
12 15
14 15





6 9
0 3
0 4
0 5
1 3
1 4
1 5
2 3
2 4
2 5

5 9
0 1
0 2
0 3
0 4
1 2
1 3
1 4
2 3
2 4


10 9
0 1
0 2
0 3
0 4
0 5
0 6
0 7
0 8
0 9

5 9
0 1
0 2
0 3
0 4
1 2
1 3
1 4
2 3
2 4
--K5 without an edge--

1 0
--simple--

5 8
0 1
0 2
0 3
0 4
1 2
1 4
2 3
3 4
--some crap--

7 9
0 1
0 2
1 2
2 3
3 4
2 4
4 5
4 6
5 6
--3 triangles, connected by cut points consequently--

9 9
0 1
1 2
0 2
3 4
4 5
3 5
6 7
7 8
6 8
--3 connected components--

5 5
0 1
1 2
2 3
3 4
4 0
--a cycle--

6 8
0 3
0 4
0 5
1 3
1 4
1 5
2 3
2 4
--K33 without an edge--

6 9
0 3
0 4
0 5
1 3
1 4
1 5
2 3
2 4
2 5
--K33--

7 6
0 1
0 2
1 3
1 4
2 5
2 6
--a tree--

5 10
0 1
0 2
0 3
0 4
1 2
1 3
1 4
2 3
2 4
3 4
--K5--

4 6
0 1
0 2
0 3
1 2
1 3
2 3
--K4--
